Slide	Section 	IL 1	IL 2	IL 3	IL 4	IL 5	IL 6	IL 7 	IL 8	IL 9	IL 10	IL 11	IL 12	IL 13	IL 14
9	1	0	0	0	0	0	0	0	0	0	0				
9	2	0	I	0	0	0	0	0	0	0	0				
9	3	0	I	0	0	0	0	0	0	0	D				
9	4	D	U	0	0	0	0	0	0	0					
9	5	0	0	0	0	0	0	0	0	0					
9	6	0	0	0	0	0	0	D	0	0					
9	7	0	0	0	0	0	U	D	0	0					
9	8	0	U	0	0	0	0	0	0	0	0				
10	1	0	I	I	0	0	0	0	0	0	0				
10	2	0	I	I	0	0	0	0	0	0	0				
10	3	0	I	I	0	0	0	0	0	U	0				
10	4	0	I	I	0	0	0	0	0	0	D				
10	5	0	I	I	0	0	0	0	0	0	0				
10	6	0	I	I	0	0	0	D	U	U	0				
10	7	0	I	I	U	U	0	0	0	0	0				
10	8	I	I	I	0	0	0	0	0	0	0				
14	1	0	0	I	0	0	0	0	0	U	0	0			
14	2	0		0	0	0	0	0	0	0	0	0			
14	3	0	I	I	0	0	0	0	0	0	0	0			
14	4	0	0	I	0	0	0	0	0	0	0	D			
14	5	D	0	0	0	0	0	0	0	0	0	0			
14	6	0	0	0	0	0	0	0	0	0	0	0			
14	7	0	0	I	0	0	0	0	0	0	0	0			
14	8	0	0	I	I	0	0	0	0	0	0	0	0		
19	1	0	0	D	0	0	0	0	0	0	0	0			
19	2	0	I	0	0	0	0	0	0	0	0	0			
19	3	I	I	0	0	0	0	0	0	D	D				
19	4	I	I	0	0	0	0	0	0	0	0	D			
19	5	U	0	0	0	0	0	0	U	0	D				
19	6	D	0	0	0	0	0	0	0	0	0	D			
19	7	I	0	0	0	0	0	0	0	0	0	0			
19	8	I	0	0	0	0	0	0	0	0	0	0			
24	1	0	0	0	0	0	0	0	0	0	0	0	U		
24	2	0	0	0	0	0	0	0	0	0	0	0	D		
24	3	U	I	I	0	0	0	0	0	0	0	U			
24	4	0	0	0	0	0	D	D	U	0	0	0	0		
24	5	D	I	D	0	0	0	0	0	0	0	U			
24	6	I	I	0	0	0	0	0	0	0	0	0	D		
24	7	I	I	0	U	0	0	U	0	0	0	U	D		
24	8	I	I	U	0	0	0	0	0	0	0	0	0		
25	1	I	I	0	0	0	0	0	0	0	0	U			
25	2	I	I	I	I	0	0	0	0	0	U	0			
25	3	I	I	0	I	U	D	D	U	D	0	U			
25	4	I	I	I	I	U	0	0	0	0	0	0	D		
25	5	D	D	I	0	0	D	D	0	0	0	0			
25	6	D	0	I	D	0	0	0	0	0	D	0	U		
25	7	D	D	I	0	0	0	0	0	0	U	D			
25	8	D	I	I	0	0	0	0	0	0	0	0	U		
28	1	X	N	X	X	X	X	X	X	X	X	X	X		
28	7	X	N	X	X	X	X	X	X	X	X	X	X		
29	1	0	0	0	0	0	0	0	0	0		0	0		
29	2	0	0	0	0	0	0	0	0	0	0				
29	3	D	D	0	0	U	U	0	0	0	0	U			
29	4	0	0	U	0	0	0	0	0	0	0	0	0		
29	5	D	I	0	0	0	0	0	0	0	0	U	0	0	
29	6	0	0	0	0	0	D	0	0	0	0	0	0		
29	7	0	0	0	0	0	0	0	0	0	0	0	0		
29	8	0	0	0	0	0	0	0	0	0	0	0			
34	1	0	0	0	I	0	0	0	0	0	0	0	0	0	
34	2	0	0	0	I	0	0	0	0	0	0	0	0	0	
34	3	0	0	I	0	0	0	0	0	0	0	0	0	0	
34	4	0	0	I	0	0	0	0	0	0	0	0	0	0	
34	5	0	0	0	I	0	0	0	0	0	0	0	0	0	
34	6	0	D	0	I	0	0	0	D	D	0	0	0	0	
34	7	0	0	I	I	0	0	0	0	0	0	0	0	0	
34	8	I	0	0	I	0	0	0	0	0	0	0	0	0	
39	1	0	0	0	0	0	0	0	0	0	0	0	0	0	
39	2	0	0	I	0	0	U	U	0	0	0	0	0	D	
39	3	0	0	I	0	0	0	0	0	0	0	0	0	0	
39	4	0	D	0	0	0	0	0	0	0	D	0	0	0	
39	5	0	0	0	0	0	0	0	0	0	0	0	0	D	
39	6	0	0	0	0	0	0	0	0	0	0	0	0		
39	7	D	0	I	0	0	0	0	0	0	0	0	0	0	
39	8	0	0	I	0	0	0	0	0	0	0	0	0	0	
40	1	0	0	0	I	0	0	U	0	0	0	0	0	0	
40	2	0	0	0	I	U	U	U	0	0	0	0	0	0	
40	3	0	0	0	I	0	0	0	0	0	0	0	0	0	
40	4	0	0	I	0	0	0	D	D	D	0	D	0	0	
40	5	0	0	I		0	0	0	0	0	0	0	0	0	
40	6	0	D	0	0	D	0	0	0	0	0	0	D		
40	7	0	0	0	0	0	D		0	0	0	0	0	0	
40	8	0	I	0	0	0	0	0	0	0	0	0	0		
44	1	0	0	I	I	0	U	U	U	D	D	U	0	0	
44	2	0	0	I	I	0	0	0	0	0	0	0	0	0	
44	3	0	I	0	I	0	U	U	0	0	0	0	0	0	0
44	4	0	0	0	I	0	0	0	0	0	0	0	0	0	
44	5	0	0	0	0	0	D	U	0	0	0	0	0		
44	6	0	0	0	0	0	0	0	U	0	0	0	0	0	
44	7	0	0	0	0	0	0	0	0	0	0	0	0		
44	8	0	0	I	0	0	0	0	0	0	0	0	0		
49	1	0	0	I	0	0	U	U	0	D	0	0	0	D	
49	2	0	0	0	0	U	U	U	0	0	0	D			
49	3	0	0	I	0	0	0	0	0	0	0	0	0		
49	4	0	D	I	0	0	0	0	0	0	0	0	0		
49	5	0	I	I	0	0	0	0	0	0	0	0	0		
49	6	D	I	I	0	0	U	U	U	0	0	0	0		
49	7	D	I	I	0	0	0	0	0	0	0	0	0		
49	8	0	I	I	0	0	D	U	U	U	U	0	0	D	
54	1	0	I	0	0	0	U	0	0	0	0	0	0		
54	2	0	0	I	0	0	0	0	0	0	0	0	0		
54	3	0	I	I	0	0	U	U	0	0	0	0	U		
54	4	0	I	0	0	0	U	U	U	0	0	0	U		
54	5	0	I	0	0	0	0	U	0	0	0	0	0		
54	6	U	0	0	0	0	0	0	U	D					
54	7	0	I	0	0	0	0	0	0	0	0	0	0		
54	8	I	I	I	0	0	U	U	0	0	D	0	D		
55	1	0	I	0	0	0	0	0	0	0	0	0	0		
55	2	0	I	0	0	U	U	0	0	0	0	U	D		
55	3	0	I	0	0	0	U	U	0	0	0	U	D		
55	4	0	I	0	0	0	U	U	0	0	0	0	D		
55	5	0	D	0	0	0	0	D	0	0	0	0	U		
55	6	D	I	0	0	0	D	0	U	U					
55	7	0	I	0	0	0	0	0	0	0	0	0	0		
55	8	0	0	D	0	0	0	U	U	0	0	U	U		
